Class 1 vs others


vs 2
ans =

     1     0     0     0     0     0     0     0     0     0     0     0     0     2     0     1     1     0


ans =

     1     0     0     0     0     1     0     0     0     0     0     1     1     2     0     1     0     0


	 
vs 3
ans =

     1     0     0     0     0     1     0     0     0     1     1     1     1     2     0     0     0     0


ans =

     1     0     0     0     0     0     0     1     0     0     0     1     1     1     0     0     0     1
	 
	 
	 
	 
	 
	 
CLASS 4 vs others

vs 2
ans =

     1     0     0     0     0     0     1     1     2     1     1     2     1     0     1     0     0     1


ans =

     0     0     0     0     1     1     0     0     2     1     1     0     1     0     1     0     0     3


ans =

     0     0     0     0     0     0     1     1     1     0     1     1     1     0     0     0     0     0


ans =

     0     1     1     1     0     0     1     1     2     1     2     1     2     1     0     1     1     0



	 
vs 4
ans =

     0     0     1     1     1     0     1     0     2     1     1     0     2     0     2     1     0     1


ans =

     0     1     0     0     0     0     1     1     2     1     1     0     1     0     1     1     0     0


ans =

     1     0     0     1     0     0     0     1     1     2     0     2     0     0     0     0     0     1


ans =

     0     0     0     0     1     1     1     1     1     0     1     0     1     3     0     0     1     1